,Time,RR_int
0,2.124,1.092
1,3.216,1.004
2,4.220000000000001,1.284
3,5.5040000000000004,1.324
4,6.828,1.216
5,8.044,1.056
6,9.100000000000001,1.256
7,10.356000000000002,1.3159999999999998
8,11.672,1.26
9,12.932,1.068
10,14.0,1.1320000000000001
11,15.132,1.296
12,16.428,1.248
13,17.676000000000002,1.056
14,18.732000000000003,1.124
15,19.856,1.236
16,21.092000000000002,1.18
17,22.272000000000002,1.2
18,23.472,1.004
19,24.476000000000003,1.1840000000000002
20,25.660000000000004,1.284
21,26.944000000000003,1.224
22,28.168000000000003,1.016
23,29.184000000000005,1.168
24,30.352000000000004,1.272
25,31.624000000000002,1.28
26,32.904,1.1840000000000002
27,34.088,0.951999999999998
28,35.04,1.252
29,36.292,1.27200000000001
30,37.564000000000014,0.727999999999994
31,38.29200000000001,1.14400000000001
32,39.43600000000002,1.208
33,40.64400000000002,1.232
34,41.87600000000002,1.244
35,43.12000000000002,1.22
36,44.34000000000002,1.224
37,45.564000000000014,1.1440000000000001
38,46.70800000000001,1.02
39,47.728000000000016,1.20399999999999
40,48.932,1.068
41,50.0,1.16800000000001
42,51.168000000000006,1.27199999999999
43,52.44,1.27600000000001
44,53.71600000000001,1.092
45,54.80800000000001,1.2
46,56.00800000000001,1.39599999999999
47,57.403999999999996,1.19200000000001
48,58.596000000000004,1.05199999999999
49,59.647999999999996,1.15600000000001
50,60.80400000000001,1.288
51,62.092000000000006,1.2
52,63.29200000000001,1.036
53,64.328,1.26000000000001
54,65.58800000000001,1.22799999999999
55,66.816,0.688000000000002
56,67.504,1.104
57,68.608,1.008
58,69.616,1.27200000000001
59,70.888,1.348
60,72.236,1.18000000000001
61,73.41600000000001,1.024
62,74.44000000000001,1.244
63,75.68400000000001,1.30399999999999
64,76.988,1.28
65,78.268,1.06
66,79.328,1.1520000000000001
67,80.48,1.36
68,81.84,1.3880000000000101
69,83.22800000000001,1.1520000000000001
70,84.38000000000001,1.03999999999999
71,85.42,1.276
72,86.696,1.27200000000001
73,87.968,1.056
74,89.024,1.128
75,90.152,1.30800000000001
76,91.46000000000001,1.244
77,92.70400000000001,1.16800000000001
78,93.87200000000001,0.40399999999999603
79,94.27600000000001,0.923999999999992
80,95.2,1.06
81,96.26,1.29600000000001
82,97.55600000000001,1.06
83,98.61600000000001,1.3119999999999998
84,99.92800000000001,1.26400000000001
85,101.19200000000002,1.20399999999999
86,102.39600000000002,1.25999999999999
87,103.656,1.28
88,104.936,1.10000000000002
89,106.03600000000003,1.1279999999999901
90,107.16400000000002,1.3159999999999998
91,108.48000000000002,1.14000000000001
92,109.62000000000003,1.15599999999998
93,110.77600000000001,1.244
94,112.02000000000001,1.30000000000001
95,113.32000000000002,1.19200000000001
96,114.51200000000003,1.09199999999998
97,115.60400000000001,1.36000000000001
98,116.96400000000003,1.3519999999999999
99,118.31600000000003,1.124
100,119.44000000000003,1.09999999999999
101,120.54000000000002,1.34800000000001
102,121.88800000000003,1.33199999999999
103,123.22000000000003,1.26399999999998
104,124.48400000000001,1.07600000000002
105,125.56000000000003,1.22
106,126.78000000000003,1.3159999999999998
107,128.09600000000003,1.29599999999999
108,129.39200000000002,1.208
109,130.60000000000002,1.23599999999999
110,131.836,1.05199999999999
111,132.888,1.26400000000001
112,134.15200000000002,1.25999999999999
113,135.412,1.10000000000002
114,136.51200000000003,1.42399999999998
115,137.936,1.15200000000002
116,139.08800000000002,1.25999999999999
117,140.348,1.24000000000001
118,141.58800000000002,1.27199999999999
119,142.86,1.06399999999999
120,143.924,1.26400000000001
121,145.18800000000002,1.16
122,146.348,1.28399999999999
123,147.632,1.01600000000002
124,148.64800000000002,1.3159999999999699
125,149.964,1.04400000000001
126,151.008,1.232
127,152.24,1.3519999999999999
128,153.592,1.22399999999999
129,154.816,1.32000000000002
130,156.13600000000002,1.33199999999999
131,157.46800000000002,1.2919999999999998
132,158.76000000000002,1.072
133,159.83200000000002,1.19199999999998
134,161.024,1.34
135,162.364,1.24000000000001
136,163.604,1.05600000000001
137,164.66000000000003,1.196
138,165.85600000000002,1.328
139,167.18400000000003,1.10000000000002
140,168.28400000000005,0.527999999999992
141,168.81200000000004,1.11199999999999
142,169.92400000000004,1.02800000000002
143,170.95200000000006,1.244
144,172.19600000000005,0.623999999999995
145,172.82000000000005,1.14800000000002
146,173.96800000000007,1.3159999999999699
147,175.28400000000005,1.3159999999999998
148,176.60000000000005,1.28
149,177.88000000000005,1.10400000000001
150,178.98400000000007,1.232
151,180.21600000000007,1.31999999999999
152,181.53600000000006,1.31999999999999
153,182.85600000000005,1.10000000000002
154,183.95600000000007,1.07999999999998
155,185.03600000000006,1.30799999999999
156,186.34400000000005,1.328
157,187.67200000000005,1.196
158,188.86800000000005,1.05200000000002
159,189.92000000000007,1.19999999999999
160,191.12000000000006,1.24000000000001
161,192.36000000000007,1.33199999999999
162,193.69200000000006,1.3439999999999899
163,195.03600000000006,1.084
164,196.12000000000006,1.14400000000001
165,197.26400000000007,1.26800000000003
166,198.5320000000001,1.3159999999999699
167,199.84800000000007,1.10000000000002
168,200.9480000000001,1.10399999999998
169,202.05200000000008,1.3439999999999899
170,203.39600000000007,1.32400000000001
171,204.72000000000008,1.19599999999997
172,205.91600000000005,1.024
173,206.94000000000005,1.20400000000001
174,208.14400000000006,1.29599999999999
175,209.44000000000005,1.2440000000000302
176,210.68400000000008,1.036
177,211.72000000000008,1.21999999999997
178,212.94000000000005,1.30000000000001
179,214.24000000000007,1.22800000000001
180,215.46800000000007,1.05599999999998
181,216.52400000000006,1.2440000000000302
182,217.7680000000001,1.3639999999999801
183,219.13200000000006,1.32400000000001
184,220.45600000000007,1.04000000000002
185,221.4960000000001,1.16399999999999
186,222.66000000000008,1.33600000000001
187,223.9960000000001,1.27600000000001
188,225.2720000000001,1.0519999999999599
189,226.32400000000007,1.18799999999999
190,227.51200000000006,1.30400000000003
191,228.8160000000001,1.24799999999999
192,230.06400000000008,1.012
193,231.07600000000008,1.20400000000001
194,232.2800000000001,1.33600000000001
195,233.6160000000001,1.16800000000001
196,234.7840000000001,1.0399999999999598
197,235.82400000000007,1.23599999999999
198,237.06000000000006,1.30000000000001
199,238.36000000000007,1.20799999999997
200,239.56800000000004,1.03199999999998
201,240.60000000000002,1.2120000000000501
202,241.81200000000007,1.3039999999999698
203,243.11600000000004,1.16399999999999
204,244.28000000000003,1.036
205,245.31600000000003,1.2240000000000502
206,246.54000000000008,1.2919999999999698
207,247.83200000000005,1.27600000000001
208,249.10800000000006,1.03199999999998
209,250.14000000000004,1.29600000000005
210,251.4360000000001,1.1079999999999999
211,252.5440000000001,1.30799999999999
212,253.8520000000001,1.09199999999998
213,254.94400000000007,1.048
214,255.99200000000008,1.25200000000001
215,257.2440000000001,1.00400000000002
216,258.2480000000001,1.0399999999999598
217,259.28800000000007,0.316000000000031
218,259.6040000000001,0.939999999999998
219,260.5440000000001,1.23199999999997
220,261.77600000000007,1.1079999999999999
221,262.88400000000007,0.996000000000038
222,263.8800000000001,1.2679999999999698
223,265.1480000000001,1.38
224,266.5280000000001,1.24799999999999
225,267.77600000000007,1.024
226,268.80000000000007,1.1360000000000199
227,269.9360000000001,1.3399999999999699
228,271.27600000000007,1.26400000000001
229,272.5400000000001,1.02000000000004
230,273.5600000000001,1.21999999999997
231,274.7800000000001,1.33199999999999
232,276.1120000000001,1.15600000000001
233,277.2680000000001,1.012
234,278.2800000000001,1.2440000000000302
235,279.5240000000001,1.3359999999999599
236,280.86000000000007,1.29200000000003
237,282.1520000000001,1.084
238,283.2360000000001,1.23199999999997
239,284.4680000000001,1.32800000000003
240,285.7960000000001,1.27199999999999
241,287.0680000000001,1.06400000000002
242,288.1320000000001,1.2439999999999698
243,289.3760000000001,1.31200000000001
244,290.6880000000001,1.3399999999999699
245,292.0280000000001,1.06800000000004
246,293.0960000000001,1.20399999999995
247,294.30000000000007,1.32000000000005
248,295.6200000000001,1.33199999999999
249,296.9520000000001,1.0759999999999599
250,298.0280000000001,1.08800000000002
251,299.1160000000001,0.6560000000000059
252,299.7720000000001,1.32400000000001
253,301.0960000000001,1.30799999999999
254,302.4040000000001,1.06799999999998
255,303.4720000000001,1.18799999999999
256,304.6600000000001,1.34000000000003
257,306.0000000000001,1.25999999999999
258,307.2600000000001,1.036
259,308.2960000000001,1.14800000000002
260,309.44400000000013,1.3159999999999699
261,310.7600000000001,1.28399999999999
262,312.0440000000001,0.836000000000013
263,312.8800000000001,1.31999999999999
264,314.2000000000001,1.14799999999997
265,315.34800000000007,1.024
266,316.37200000000007,1.16399999999999
267,317.53600000000006,1.29600000000005
268,318.8320000000001,1.25199999999995
269,320.08400000000006,1.04000000000002
270,321.1240000000001,1.18000000000001
271,322.3040000000001,1.3159999999999699
272,323.62000000000006,1.30800000000005
273,324.9280000000001,1.2679999999999698
274,326.1960000000001,1.084
275,327.2800000000001,1.05200000000002
276,328.3320000000001,1.2799999999999698
277,329.6120000000001,1.30000000000001
278,330.9120000000001,1.2679999999999698
279,332.18000000000006,1.06
280,333.24000000000007,1.09200000000004
281,334.3320000000001,1.27199999999999
282,335.6040000000001,1.31999999999999
283,336.9240000000001,1.10399999999998
284,338.0280000000001,1.012
285,339.0400000000001,0.41599999999999704
286,339.4560000000001,0.77600000000001
287,340.2320000000001,1.24000000000001
288,341.4720000000001,1.0759999999999599
289,342.54800000000006,1.12
290,343.66800000000006,0.988
291,344.65600000000006,1.18000000000001
292,345.83600000000007,1.33199999999999
293,347.16800000000006,1.2120000000000501
294,348.3800000000001,0.991999999999962
295,349.37200000000007,1.1720000000000301
296,350.5440000000001,1.3039999999999698
297,351.84800000000007,1.26800000000003
298,353.1160000000001,1.15999999999997
299,354.27600000000007,1.04400000000004
300,355.3200000000001,1.19199999999995
301,356.51200000000006,1.25200000000001
302,357.76400000000007,1.29599999999999
303,359.06000000000006,1.19200000000001
304,360.25200000000007,1.02000000000004
305,361.2720000000001,1.14400000000001
306,362.4160000000001,1.2639999999999498
307,363.68000000000006,1.24800000000005
308,364.9280000000001,1.0279999999999598
309,365.9560000000001,1.16800000000001
310,367.1240000000001,1.25999999999999
311,368.38400000000007,1.12
312,369.5040000000001,1.05599999999998
313,370.56000000000006,1.22800000000001
314,371.78800000000007,1.24799999999999
315,373.03600000000006,1.2560000000000302
316,374.2920000000001,0.9800000000000179
317,375.2720000000001,1.14799999999997
318,376.4200000000001,1.08800000000002
319,377.5080000000001,1.17599999999999
320,378.6840000000001,1.2560000000000302
321,379.9400000000001,1.01999999999998
322,380.9600000000001,1.15600000000001
323,382.1160000000001,1.0159999999999598
324,383.13200000000006,1.08000000000004
325,384.2120000000001,1.13599999999997
326,385.34800000000007,1.08800000000002
327,386.4360000000001,1.0279999999999598
328,387.46400000000006,1.36000000000001
329,388.82400000000007,1.37200000000001
330,390.1960000000001,1.21600000000001
331,391.4120000000001,1.04399999999998
332,392.4560000000001,1.30000000000001
333,393.7560000000001,1.32400000000001
334,395.0800000000001,1.16799999999995
335,396.24800000000005,1.06400000000002
336,397.31200000000007,1.37200000000001
337,398.6840000000001,1.36799999999999
338,400.0520000000001,1.28800000000001
339,401.3400000000001,1.06799999999998
340,402.4080000000001,1.1720000000000301
341,403.5800000000001,1.2799999999999698
342,404.86000000000007,1.05200000000002
343,405.9120000000001,1.0159999999999598
344,406.92800000000005,1.29200000000003
345,408.2200000000001,1.38
346,409.6000000000001,1.28399999999999
347,410.88400000000007,1.03199999999998
348,411.91600000000005,1.18000000000001
349,413.09600000000006,1.38800000000003
350,414.4840000000001,1.4040000000000001
351,415.8880000000001,1.2559999999999698
352,417.14400000000006,1.18400000000008
353,418.32800000000015,1.03199999999993
354,419.36000000000007,1.20799999999997
355,420.56800000000004,1.40000000000009
356,421.96800000000013,1.3479999999999601
357,423.3160000000001,1.048
358,424.3640000000001,1.1800000000000601
359,425.54400000000015,1.2999999999999499
360,426.8440000000001,1.39200000000005
361,428.23600000000016,1.0359999999999399
362,429.2720000000001,1.34000000000003
363,430.61200000000014,1.31600000000003
364,431.92800000000017,1.18799999999999
365,433.11600000000016,1.05200000000002
366,434.1680000000002,1.3359999999999
367,435.5040000000001,1.33600000000001
368,436.8400000000001,1.33199999999999
369,438.1720000000001,1.08000000000004
370,439.2520000000001,1.05600000000004
371,440.30800000000016,1.2959999999999399
372,441.6040000000001,1.24000000000001
373,442.8440000000001,1.04399999999998
374,443.8880000000001,0.392000000000053
375,444.28000000000014,1.3679999999999397
376,445.6480000000001,1.15600000000006
377,446.80400000000014,1.05599999999993
378,447.86000000000007,1.2440000000000302
379,449.1040000000001,1.3279999999999699
380,450.4320000000001,1.2559999999999698
381,451.68800000000005,1.2159999999998898
382,452.90399999999994,1.26400000000001
383,454.16799999999995,1.26800000000003
384,455.436,1.0399999999999598
385,456.47599999999994,1.13200000000006
386,457.608,0.591999999999985
387,458.2,1.2840000000001102
388,459.4840000000001,1.2999999999999499
389,460.78400000000005,1.0959999999999999
390,461.88000000000005,1.13600000000008
391,463.01600000000013,1.2759999999999498
392,464.2920000000001,1.3039999999999698
393,465.59600000000006,0.964000000000055
394,466.5600000000001,1.20399999999995
395,467.76400000000007,1.28800000000001
396,469.0520000000001,1.20799999999997
397,470.26000000000005,1.01600000000008
398,471.2760000000001,1.18399999999997
399,472.4600000000001,1.3199999999999399
400,473.78000000000003,1.2200000000000302
401,475.00000000000006,1.13999999999999
402,476.14000000000004,1.2800000000000902
403,477.42000000000013,1.21600000000001
404,478.63600000000014,1.072
405,479.70800000000014,1.2199999999999098
406,480.92800000000005,1.32400000000007
407,482.2520000000001,1.2439999999999098
408,483.49600000000004,1.05600000000004
409,484.5520000000001,1.24000000000001
410,485.7920000000001,1.31600000000003
411,487.1080000000001,1.18799999999999
412,488.2960000000001,1.12799999999993
413,489.42400000000004,1.16800000000001
414,490.59200000000004,1.03600000000006
415,491.6280000000001,1.2799999999999698
416,492.9080000000001,1.3559999999999899
417,494.26400000000007,1.25200000000007
418,495.51600000000013,1.0599999999999499
419,496.5760000000001,1.24800000000005
420,497.8240000000001,1.3479999999999601
421,499.1720000000001,1.28399999999999
422,500.4560000000001,1.0639999999999599
423,501.52000000000004,1.24000000000001
424,502.76000000000005,1.31600000000003
425,504.0760000000001,1.28800000000001
426,505.3640000000001,1.048
427,506.4120000000001,1.17999999999995
428,507.59200000000004,1.28800000000001
429,508.88000000000005,1.23599999999999
430,510.11600000000004,1.10800000000006
431,511.2240000000001,1.27199999999993
432,512.496,1.2800000000000902
433,513.7760000000001,2.04000000000008
434,515.8160000000001,1.16800000000001
435,516.9840000000002,1.2759999999999498
436,518.2600000000001,1.16399999999999
437,519.4240000000001,0.991999999999962
438,520.416,1.02800000000002
439,521.4440000000001,1.23199999999997
440,522.676,1.3320000000001102
441,524.0080000000002,1.2759999999999498
442,525.2840000000001,0.967999999999961
443,526.2520000000001,1.048
444,527.3000000000001,1.31600000000003
445,528.6160000000001,1.6920000000000102
446,530.3080000000001,1.5359999999999399
447,531.844,1.48400000000004
448,533.3280000000001,1.29200000000003
449,534.6200000000001,1.5719999999999998
450,536.1920000000001,1.49599999999998
451,537.6880000000001,1.55200000000002
452,539.2400000000001,1.10399999999993
453,540.344,1.36800000000005
454,541.7120000000001,1.3199999999999399
455,543.032,1.2800000000000902
456,544.3120000000001,1.08399999999995
457,545.3960000000001,1.29200000000003
458,546.6880000000001,1.3639999999999197
459,548.052,1.28399999999999
460,549.336,1.048
